"Gender (0 for Male, 1 for Female)",Enter Your Age,"Hypertension (1: Yes, 0: No )","Heart Disease (1: Yes, 0: No )","Ever Married (1: Yes, 0: No )","Work Type (0: Govt_job , 1: Never_worked, 2: Private , 3: Self-employed , 4: children )","Residence Type (1: Rural, 0: Urban )",Enter Average Glucose Level :,Enter BMI,"Smoking Status (0: formerly smoked ,1: never smoked  , 2: smokes , 3: Unknown  )",output,flag,username,timestamp
0,20,0,0,0,1,0,80,20,1,0.2245817782187056,,,2022-11-22 01:04:57.748321
1,80,0,0,0,4,1,80,27,2,0.7769205035534785,,,2022-11-22 01:06:17.315842
1,20,0,0,0,4,1,80,27,2,26.829399031170365,,,2022-11-22 01:06:29.990709
0,20,1,1,0,4,1,50,28,1,1.002475265444006,,,2022-11-23 20:15:13.175875
0,20,1,1,0,4,1,50,28,1,1.002475265444006,,,2022-11-23 20:15:14.590629
0,70,1,1,0,4,1,50,28,1,1.002475265444006,,,2022-11-23 20:15:19.990745
0,70,1,1,0,4,1,50,28,1,1.002475265444006,,,2022-11-23 20:15:22.044792
0,70,1,1,1,1,0,300,30,1,47.30102158870629,,,2022-11-23 20:20:03.696620
